Sta    Lon       Lat       de(m)     dn(m)     du(m)    sde(m)   sdn(m)   sdu(m)
================================================================================
7ODM -117.0932  34.1164  -0.00534   0.00527  -0.00366  0.00042  0.00050  0.00158 
ACSB -117.4449  33.2743  -0.00519   0.00358   0.00337  0.00037  0.00045  0.00142 
ACSX -117.4449  33.2743  -0.00518   0.00329   0.00016  0.00037  0.00044  0.00140 
AGMT -116.4294  34.5943  -0.00436   0.00329   0.00249  0.00038  0.00046  0.00145 
ALTH -120.6698  36.8896  -0.00687   0.00100  -0.00007  0.00039  0.00047  0.00148 
ANA1 -119.3635  34.0150  -0.00640   0.00257   0.00163  0.00038  0.00046  0.00145 
AR27 -117.3249  33.3418  -0.00522   0.00339   0.00110  0.00037  0.00045  0.00142 
AR53 -117.4765  33.3811  -0.00440   0.00282   0.00291  0.00037  0.00045  0.00141 
ARM2 -118.9106  35.2013  -0.01197   0.00314  -0.00249  0.00039  0.00047  0.00150 
AVRY -117.1540  34.4683  -0.00712   0.00879   0.00111  0.00040  0.00048  0.00153 
AZBH -114.6050  35.1075  -0.00391   0.00096  -0.00743  0.00038  0.00046  0.00144 
AZFM -114.5951  34.8522  -0.00369  -0.00041   0.00051  0.00038  0.00046  0.00146 
AZGV -114.2543  35.2544  -0.00519   0.00056  -0.00599  0.00038  0.00045  0.00144 
AZLH -114.3471  34.5083  -0.00378   0.00193   0.00260  0.00037  0.00045  0.00143 
AZRY -116.6297  33.5401  -0.00483   0.00407   0.00025  0.00038  0.00045  0.00144 
AZU1 -117.8965  34.1260  -0.00779   0.00559   0.00019  0.00047  0.00056  0.00177 
AZYC -114.1470  34.8793  -0.00170   0.00255   0.00042  0.00037  0.00045  0.00143 
BALD -118.9014  37.7834  -0.00639  -0.00027   0.00406  0.00037  0.00045  0.00142 
BAR1 -119.0297  33.4805  -0.00585   0.00161   0.00627  0.00041  0.00050  0.00157 
BBDM -119.9815  34.5822  -0.00597   0.00168  -0.00325  0.00041  0.00050  0.00157 
BBRY -116.8842  34.2643  -0.00669   0.00310   0.00318  0.00043  0.00052  0.00166 
BEMT -115.9982  34.0005  -0.00507   0.00239  -0.00001  0.00039  0.00047  0.00147 
BEPK -118.0741  35.8784  -0.09892   0.01287  -0.00807  0.00045  0.00054  0.00171 
BFLD -119.0453  35.4131  -0.01226   0.00186   0.00370  0.00038  0.00045  0.00143 
BFSH -118.4980  35.5911  -0.02916   0.00119  -0.00110  0.00041  0.00049  0.00156 
BGIS -118.1597  33.9671  -0.00343   0.00573   0.00246  0.00044  0.00053  0.00168 
BILL -117.0646  33.5782  -0.00693   0.00560  -0.00319  0.00041  0.00049  0.00155 
BKAP -116.0804  35.2870   0.00224  -0.00126  -0.00543  0.00038  0.00046  0.00146 
BKMS -118.0947  33.9623  -0.00493   0.00374  -0.00024  0.00044  0.00053  0.00166 
BLYT -114.7149  33.6104  -0.00619   0.00108   0.00162  0.00046  0.00055  0.00175 
BMHL -116.0530  34.2514  -0.00405   0.00321   0.00670  0.00038  0.00046  0.00147 
BOMG -115.7297  33.3646  -0.00483   0.00219   0.00185  0.00038  0.00046  0.00146 
BSRY -117.0120  34.9186  -0.00270   0.00742   0.00802  0.00038  0.00046  0.00144 
BTDM -118.1882  34.2928  -0.00487   0.00704   0.01035  0.00051  0.00062  0.00196 
BUEG -120.1964  34.6128  -0.01127   0.00036   0.00053  0.00045  0.00054  0.00171 
BVPP -119.3475  35.1573  -0.00837   0.00155   0.00340  0.00039  0.00047  0.00150 
CA99 -118.8967  37.6446  -0.00515  -0.00156   0.00079  0.00038  0.00046  0.00146 
CACT -115.9899  33.6551  -0.00682   0.00349   0.00226  0.00039  0.00047  0.00148 
CAND -120.4337  35.9394  -0.00819   0.00140   0.00168  0.00038  0.00046  0.00146 
CARH -120.4308  35.8884  -0.00696   0.00249  -0.00772  0.00043  0.00052  0.00164 
CASE -117.4040  33.4554  -0.00521   0.00462  -0.00095  0.00050  0.00061  0.00192 
CASN -119.8453  34.4157  -0.00670   0.00297   0.00143  0.00042  0.00050  0.00159 
CAT2 -118.3338  33.3116  -0.00583   0.00256   0.00274  0.00037  0.00045  0.00142 
CAT3 -118.4830  33.4458  -0.00486   0.00378   0.00370  0.00038  0.00045  0.00144 
CBHS -118.6298  34.1386  -0.00696   0.00342   0.01276  0.00044  0.00053  0.00168 
CCCC -117.6712  35.5653  -0.04983   0.21314   0.00253  0.00038  0.00046  0.00146 
CCCS -117.8649  33.8627  -0.00740   0.00339   0.00183  0.00068  0.00082  0.00260 
CDMT -116.3359  34.8295   0.00007   0.00126   0.00463  0.00042  0.00051  0.00161 
CHIL -118.0260  34.3334  -0.00412   0.00459   0.00350  0.00041  0.00050  0.00157 
CHMS -117.8277  34.6405  -0.00378   0.01208   0.00242  0.00040  0.00049  0.00154 
CHOW -120.2105  37.0849  -0.00562   0.00219  -0.01226  0.00042  0.00051  0.00161 
CIRX -118.9373  34.1096  -0.00602   0.00256   0.00638  0.00043  0.00052  0.00164 
CIT1 -118.1273  34.1367  -0.00865   0.00364   0.00263  0.00043  0.00051  0.00162 
CJMG -117.4245  34.2712  -0.00873   0.00875   0.00700  0.00041  0.00050  0.00157 
CJMS -117.4794  34.3138  -0.00673   0.00885   0.00401  0.00042  0.00051  0.00162 
CLAR -117.7088  34.1099  -0.00674   0.00674   0.00156  0.00039  0.00047  0.00148 
CLBD -117.3110  33.1354  -0.00567   0.00310   0.00523  0.00041  0.00049  0.00155 
CMP9 -118.4114  34.3532  -0.00595   0.00443  -0.00711  0.00050  0.00060  0.00190 
CNPP -117.6089  33.8576  -0.00547   0.00336   0.00218  0.00043  0.00051  0.00162 
COPR -119.8795  34.4149  -0.00765   0.00095  -0.00290  0.00037  0.00045  0.00141 
CPBN -117.5730  35.0717  -0.00298   0.03753   0.00978  0.00039  0.00047  0.00148 
CRBT -120.7508  35.7916  -0.00728   0.00141   0.00462  0.00040  0.00048  0.00152 
CRCN -119.5680  36.1140  -0.00983   0.00052   0.00419  0.00038  0.00045  0.00143 
CRFP -117.0997  34.0391  -0.00432   0.00519   0.00381  0.00039  0.00048  0.00150 
CRGG -119.7248  35.2421  -0.00620   0.00375   0.00203  0.00037  0.00044  0.00141 
CRHS -118.2728  33.8235  -0.00882  -0.00417   0.00864  0.00076  0.00091  0.00288 
CRRS -115.7350  33.0698  -0.00594   0.00261   0.00034  0.00038  0.00046  0.00145 
CRU1 -119.7848  34.0293  -0.00606   0.00167   0.00061  0.00039  0.00047  0.00150 
CSCI -119.0390  34.1684  -0.00491   0.00372  -0.00046  0.00038  0.00046  0.00146 
CSDH -118.2567  33.8615  -0.00357   0.00270   0.01170  0.00039  0.00047  0.00147 
CSST -119.3712  34.4081  -0.00603   0.00201   0.00223  0.00042  0.00051  0.00161 
CTDM -118.6132  34.5165  -0.00419   0.00423   0.00795  0.00039  0.00047  0.00150 
CTMS -116.3704  34.1241  -0.00401   0.00410  -0.00784  0.00042  0.00051  0.00160 
CUHS -119.6739  34.9426  -0.00901   0.00180  -0.00106  0.00038  0.00045  0.00144 
CVHS -117.9017  34.0820  -0.00645   0.00460  -0.00149  0.00043  0.00051  0.00162 
DAM2 -118.3969  34.3348  -0.00413   0.00222  -0.00668  0.00057  0.00068  0.00216 
DAM3 -118.3975  34.3340  -0.00384   0.00631  -0.00573  0.00061  0.00074  0.00233 
DDMN -118.9812  37.7442  -0.00633   0.00039   0.00263  0.00041  0.00049  0.00155 
DHLG -115.7880  33.3898  -0.00690   0.00292  -0.01064  0.00061  0.00073  0.00231 
DLNO -119.2431  35.7500  -0.01257   0.00197  -0.00385  0.00037  0.00045  0.00141 
DLUZ -117.3072  33.4306  -0.00315   0.00312   0.00101  0.00037  0.00044  0.00140 
DOND -119.6901  37.2643  -0.00752   0.00081   0.00815  0.00043  0.00052  0.00165 
DONO -119.0180  36.6925  -0.00998   0.00152   0.00372  0.00040  0.00049  0.00154 
DS13 -116.7915  35.2478   0.00797  -0.00010  -0.00676  0.00040  0.00048  0.00151 
DSME -117.2495  33.0365  -0.00846   0.00238   0.00328  0.00064  0.00077  0.00242 
DSSC -116.7121  33.7333  -0.00548   0.00462   0.00301  0.00047  0.00057  0.00180 
DTPG -117.8459  35.2675   0.00086   0.04374   0.00829  0.00037  0.00045  0.00142 
DYH2 -118.1275  33.9383  -0.00482   0.00265   0.00460  0.00038  0.00045  0.00143 
ECFS -117.4117  33.6477  -0.00598   0.00495   0.00236  0.00037  0.00045  0.00142 
EDPP -118.8304  34.9462  -0.00664   0.00214  -0.00346  0.00041  0.00049  0.00155 
ELLY -118.1288  33.5835  -0.00804  -0.01603  -0.01136  0.00155  0.00187  0.00592 
ELSC -118.2084  34.0297  -0.00509   0.00415   0.00279  0.00042  0.00051  0.00162 
ELSG -117.4260  33.6491  -0.00602   0.00413   0.00150  0.00038  0.00046  0.00146 
EOCG -119.7698  34.4508  -0.00744   0.00261   0.00452  0.00040  0.00048  0.00152 
ERRG -115.8227  33.1164  -0.00683   0.00054   0.00052  0.00039  0.00047  0.00147 
EWPP -117.5256  34.1042  -0.00486   0.00365  -0.00136  0.00044  0.00053  0.00168 
FCTF -118.4421  34.0666  -0.03158  -0.06541   0.01346  0.00141  0.00171  0.00540 
FGST -120.0094  34.7330  -0.00382   0.00066  -0.00362  0.00038  0.00046  0.00146 
FHOG -116.9359  34.0935  -0.00738   0.00366  -0.00328  0.00046  0.00056  0.00176 
FMTP -118.8941  34.4099  -0.00581   0.00262  -0.00015  0.00037  0.00045  0.00142 
FMVT -118.8840  34.3563  -0.00618   0.00308   0.00260  0.00038  0.00045  0.00143 
FVPK -117.9357  33.6623  -0.00694   0.00517  -0.00056  0.00067  0.00081  0.00256 
FZHS -118.8934  34.8002  -0.00604   0.00455   0.00830  0.00039  0.00047  0.00150 
GHRP -117.3979  34.2039  -0.00604   0.00838  -0.00023  0.00038  0.00046  0.00145 
GISA -117.2183  34.0693  -0.00436   0.00564   0.01109  0.00043  0.00052  0.00165 
GLRS -115.5214  33.2748  -0.00564   0.00054   0.00197  0.00038  0.00046  0.00145 
GMAG -116.3826  34.2914  -0.00411   0.00182   0.00110  0.00039  0.00047  0.00147 
GMPK -114.8273  33.0511  -0.00463   0.00082  -0.00185  0.00038  0.00046  0.00146 
GMRC -115.6602  34.7840  -0.00394   0.00100   0.00005  0.00044  0.00053  0.00166 
GNPS -114.1894  34.3086  -0.00582  -0.00036  -0.00262  0.00038  0.00045  0.00143 
GOL2 -116.8893  35.4252   0.02643  -0.00649  -0.00866  0.00044  0.00053  0.00167 
GR8R -120.4157  36.3990  -0.00611   0.00153   0.00095  0.00045  0.00055  0.00172 
HAR7 -117.2992  35.0115  -0.00586   0.02249   0.00603  0.00037  0.00045  0.00143 
HBCO -118.2858  33.7836  -0.00362   0.00321   0.00484  0.00041  0.00049  0.00155 
HCMN -116.4301  34.7548  -0.00352   0.00230   0.00536  0.00038  0.00046  0.00145 
HELB -119.0230  36.6788  -0.00839   0.00029  -0.00523  0.00041  0.00049  0.00155 
HIVI -117.7995  34.7599  -0.00383   0.01581  -0.00172  0.00043  0.00052  0.00165 
HMTG -117.0015  33.7081  -0.00540   0.00500  -0.00048  0.00039  0.00046  0.00147 
HNPS -115.6353  33.7050  -0.00561   0.00049  -0.00107  0.00042  0.00051  0.00161 
HOGS -120.4795  35.8667  -0.00844   0.00124   0.00438  0.00044  0.00053  0.00169 
HOL3 -117.8451  34.4582  -0.00636   0.01161   0.01011  0.00038  0.00046  0.00146 
HOTK -118.8213  37.6586  -0.00635  -0.00128   0.00675  0.00038  0.00046  0.00145 
HUNT -120.4024  35.8808  -0.00676   0.00206   0.00132  0.00041  0.00050  0.00157 
HVYS -119.1875  34.4412  -0.00622   0.00321   0.00275  0.00040  0.00048  0.00151 
I40A -115.9114  34.7273  -0.00183   0.00040  -0.01006  0.00039  0.00047  0.00148 
IDOG -116.2215  33.7968  -0.00591   0.00409   0.00281  0.00038  0.00046  0.00145 
IDQG -116.2390  33.7680  -0.00462   0.00141  -0.00091  0.00039  0.00047  0.00147 
IMPS -115.1451  34.1576  -0.00322   0.00180  -0.00201  0.00038  0.00046  0.00144 
ISLK -118.4743  35.6623  -0.03242  -0.00018   0.00597  0.00039  0.00047  0.00149 
JLN5 -120.8329  35.8732  -0.00762   0.00291   0.00465  0.00038  0.00046  0.00145 
JNHG -117.9554  34.4491  -0.00260   0.00949   0.00021  0.00038  0.00046  0.00147 
JPLM -118.1732  34.2048  -0.00355   0.00610   0.00024  0.00040  0.00049  0.00154 
KBRC -119.0082  34.3985  -0.00495   0.00285  -0.00582  0.00038  0.00046  0.00144 
KGMN -114.0024  35.2311  -0.00594  -0.00192  -0.00032  0.00037  0.00045  0.00142 
KING -114.0415  35.1974  -0.00585   0.00008  -0.00534  0.00042  0.00050  0.00159 
KNOL -118.9792  37.6591  -0.00617  -0.00089  -0.00349  0.00038  0.00046  0.00144 
KRAC -118.8805  37.7133  -0.00579  -0.00162   0.00522  0.00041  0.00050  0.00157 
KYVW -116.1734  33.9254  -0.00411   0.00271   0.00356  0.00040  0.00048  0.00151 
LAND -120.4733  35.8998  -0.00843   0.00200   0.00591  0.00037  0.00045  0.00143 
LAPC -118.5747  34.1819  -0.00504   0.00510   0.00577  0.00043  0.00052  0.00166 
LBC1 -118.1372  33.8321  -0.00932   0.00161   0.01464  0.00049  0.00059  0.00186 
LBC2 -118.1732  33.7916  -0.00588   0.00487  -0.00040  0.00043  0.00052  0.00164 
LDES -116.4328  34.2673  -0.00297   0.00041  -0.00219  0.00037  0.00045  0.00142 
LEMA -119.7824  36.2920  -0.01035   0.00141   0.00422  0.00038  0.00046  0.00146 
LFRS -118.4128  34.0951  -0.00447   0.00395   0.00303  0.00044  0.00052  0.00166 
LGWD -117.7645  33.6406  -0.00652   0.00277   0.00222  0.00048  0.00058  0.00183 
LINC -119.0173  37.6372  -0.00687  -0.00003   0.00371  0.00038  0.00046  0.00146 
LINJ -118.1392  34.6620  -0.00333   0.00825   0.01037  0.00037  0.00045  0.00142 
LJRN -118.8677  34.8075  -0.00778   0.00490   0.00129  0.00037  0.00045  0.00142 
LKHG -116.7588  33.2360  -0.00397   0.00294  -0.00801  0.00041  0.00049  0.00155 
LL01 -117.8350  34.4855  -0.00559   0.01083   0.01146  0.00037  0.00044  0.00141 
LLAS -117.8379  34.5860  -0.00492   0.01204   0.00656  0.00039  0.00047  0.00150 
LMHG -117.3913  33.7442  -0.00702   0.00590  -0.01332  0.00081  0.00097  0.00308 
LNMT -116.9397  35.0902   0.00068   0.00625   0.00364  0.00039  0.00047  0.00148 
LOMP -120.4466  34.6909  -0.00759   0.00067   0.00188  0.00041  0.00049  0.00156 
LORS -117.7541  34.1333  -0.00557   0.00541   0.00572  0.00038  0.00046  0.00147 
LOWS -120.5943  35.8287  -0.00722   0.00005   0.00361  0.00039  0.00047  0.00148 
LPHS -117.9567  34.0268  -0.00769   0.00630   0.00365  0.00044  0.00054  0.00169 
LRRG -118.0300  34.5271  -0.00486   0.00705  -0.00289  0.00040  0.00049  0.00154 
LVMS -119.1037  34.7336  -0.00855   0.00322   0.00067  0.00038  0.00046  0.00147 
MASW -120.4431  35.8326  -0.00702  -0.00022  -0.00223  0.00039  0.00047  0.00147 
MAT2 -117.4367  33.8568  -0.00398   0.00417   0.00414  0.00038  0.00046  0.00146 
MERC -115.9790  36.6325  -0.00313  -0.00085  -0.00403  0.00037  0.00045  0.00143 
MHMS -118.2441  33.9391  -0.00377   0.00509   0.00225  0.00044  0.00053  0.00167 
MIDA -120.4588  35.9219  -0.00822   0.00237  -0.00025  0.00043  0.00052  0.00166 
MINS -119.0609  37.6538  -0.00628   0.00025   0.00273  0.00039  0.00047  0.00147 
MJPK -117.5505  33.7145  -0.00672   0.00397  -0.00048  0.00064  0.00077  0.00242 
MLFP -117.3180  33.9184  -0.00415   0.00462   0.00375  0.00038  0.00045  0.00143 
MNMC -120.4341  35.9695  -0.00892   0.00063  -0.00233  0.00039  0.00047  0.00150 
MPWD -118.8780  34.2955  -0.00729   0.00280  -0.00472  0.00042  0.00051  0.00162 
MSOB -117.2101  34.2308  -0.00207   0.01006   0.02369  0.00071  0.00086  0.00271 
MTGG -116.6472  33.1992  -0.00404   0.00401   0.01153  0.00038  0.00046  0.00146 
MULN -120.0916  36.5651  -0.00709   0.00200  -0.00175  0.00037  0.00045  0.00142 
MUSB -119.3094  37.1699  -0.00678   0.00039   0.00590  0.00045  0.00055  0.00173 
MVFD -116.5253  33.2109  -0.00846   0.00193  -0.00670  0.00063  0.00076  0.00239 
MWTP -118.9447  37.6405  -0.00574  -0.00227  -0.00036  0.00039  0.00047  0.00148 
NDAP -114.6186  34.7677  -0.00222   0.00150   0.00186  0.00038  0.00045  0.00144 
NHRG -119.1413  34.4987  -0.00646   0.00242   0.00356  0.00038  0.00046  0.00145 
NOCO -117.5696  33.9197  -0.00675   0.00461   0.00431  0.00038  0.00045  0.00143 
NOPK -118.3480  33.9797  -0.00502   0.00396   0.00238  0.00041  0.00049  0.00156 
OAES -116.0677  34.1410  -0.00283   0.00149   0.00057  0.00037  0.00045  0.00142 
OCSD -117.3467  33.2407  -0.00517   0.00377   0.00061  0.00043  0.00051  0.00162 
OEOC -117.7441  33.7659  -0.00835   0.00407   0.00315  0.00064  0.00077  0.00243 
ORES -120.2786  34.7391  -0.00731   0.00126  -0.00656  0.00044  0.00053  0.00167 
ORMT -116.8151  34.6749  -0.00151   0.00488   0.00494  0.00043  0.00052  0.00163 
OVLS -119.1419  34.3274  -0.00719   0.00325  -0.00273  0.00047  0.00057  0.00180 
OZST -119.3534  34.6834  -0.00754   0.00120   0.00244  0.00040  0.00048  0.00153 
P006 -114.4569  36.1542  -0.00442   0.00153  -0.00441  0.00038  0.00046  0.00144 
P056 -119.0629  36.0274  -0.01495   0.00163  -0.00391  0.00037  0.00045  0.00142 
P091 -117.5315  36.6143  -0.00723  -0.02353   0.00274  0.00037  0.00045  0.00141 
P092 -117.4068  36.8042  -0.00749  -0.01292   0.00339  0.00037  0.00045  0.00141 
P093 -117.9941  36.6060  -0.00607  -0.01157   0.00303  0.00039  0.00047  0.00148 
P094 -117.7042  37.2008  -0.00505  -0.00632  -0.00153  0.00037  0.00045  0.00142 
P245 -119.7061  37.7131  -0.00651  -0.00023   0.00591  0.00039  0.00047  0.00149 
P280 -120.3476  35.5441  -0.00756   0.00110  -0.00024  0.00038  0.00046  0.00146 
P281 -120.3895  35.8411  -0.00624   0.00077   0.00042  0.00038  0.00046  0.00147 
P282 -120.3452  35.8378  -0.00788  -0.00025   0.00337  0.00038  0.00046  0.00146 
P283 -120.2853  35.8067  -0.00705   0.00090   0.00098  0.00040  0.00048  0.00152 
P284 -120.9068  35.9333  -0.00608   0.00285  -0.00422  0.00037  0.00045  0.00143 
P285 -120.9815  36.4172  -0.00679   0.00125   0.00346  0.00037  0.00045  0.00142 
P287 -120.6978  36.0248  -0.00806   0.00231  -0.00226  0.00038  0.00046  0.00145 
P288 -120.8789  36.1402  -0.00535  -0.00050   0.00169  0.00037  0.00045  0.00143 
P289 -120.7488  36.1068  -0.00705   0.00116  -0.00482  0.00037  0.00045  0.00141 
P290 -120.7283  36.1789  -0.00734  -0.00033   0.00294  0.00037  0.00045  0.00142 
P291 -120.6448  35.9228  -0.00660   0.00009   0.00663  0.00038  0.00046  0.00144 
P292 -120.4753  36.0075  -0.00912   0.00190   0.00504  0.00046  0.00055  0.00174 
P293 -120.5430  36.0894  -0.00694   0.00042   0.00218  0.00038  0.00045  0.00143 
P294 -120.4399  36.1232  -0.00753   0.00233  -0.00172  0.00038  0.00045  0.00143 
P295 -120.8424  35.6971  -0.00712   0.00085  -0.00105  0.00039  0.00046  0.00147 
P296 -120.3636  36.0517  -0.00715   0.00429   0.01035  0.00038  0.00045  0.00144 
P297 -120.5519  35.9741  -0.00684   0.00018  -0.00020  0.00039  0.00047  0.00150 
P298 -120.2941  36.0158  -0.00710   0.00147   0.00323  0.00038  0.00045  0.00144 
P299 -120.7102  36.2568  -0.00716  -0.00031  -0.00018  0.00045  0.00054  0.00171 
P300 -120.2770  36.3044  -0.00703  -0.00001   0.00298  0.00037  0.00045  0.00143 
P301 -120.7431  36.8063  -0.00650   0.00041   0.00316  0.00038  0.00045  0.00143 
P302 -120.6186  36.6347  -0.00763  -0.00096   0.00568  0.00037  0.00045  0.00142 
P304 -120.3566  36.7390  -0.00657   0.00188   0.00074  0.00037  0.00045  0.00143 
P305 -120.1968  37.3522  -0.00800   0.00210  -0.00638  0.00039  0.00047  0.00148 
P306 -120.6445  37.7952  -0.00674   0.00161   0.00042  0.00038  0.00046  0.00144 
P307 -120.0579  36.9473  -0.00862   0.00276  -0.00534  0.00045  0.00054  0.00170 
P308 -119.8402  37.9012  -0.00590   0.00157   0.00733  0.00044  0.00053  0.00168 
P311 -118.5198  37.1776  -0.00542  -0.00152  -0.00101  0.00038  0.00045  0.00143 
P463 -117.1647  36.0225   0.01440  -0.02342   0.00313  0.00040  0.00048  0.00151 
P464 -117.4100  36.1590  -0.02350  -0.09248   0.01692  0.00040  0.00048  0.00153 
P465 -118.1324  36.4668  -0.00836  -0.00751   0.00624  0.00043  0.00052  0.00164 
P466 -117.7895  36.5312  -0.00345  -0.02352   0.00377  0.00037  0.00045  0.00141 
P467 -118.0906  36.5702  -0.00673  -0.00948   0.00577  0.00042  0.00051  0.00161 
P468 -118.1184  36.9757  -0.00437  -0.00471  -0.00442  0.00037  0.00045  0.00142 
P469 -117.9358  37.2314  -0.00593  -0.00448   0.00292  0.00039  0.00047  0.00148 
P470 -117.3939  34.4624  -0.00488   0.00731   0.00187  0.00039  0.00047  0.00149 
P471 -117.5409  33.5621  -0.00543   0.00279   0.00186  0.00037  0.00045  0.00141 
P474 -117.2487  33.3552  -0.00494   0.00336  -0.00064  0.00038  0.00045  0.00143 
P476 -117.1897  33.4396  -0.00507   0.00354  -0.00328  0.00038  0.00045  0.00143 
P477 -117.1134  33.5028  -0.00544   0.00351  -0.00775  0.00038  0.00046  0.00146 
P478 -117.0716  33.2357  -0.00575   0.00336  -0.00209  0.00040  0.00048  0.00151 
P479 -116.7829  33.4933  -0.00737   0.00204  -0.00343  0.00037  0.00045  0.00143 
P482 -116.6714  33.2402  -0.00679   0.00443   0.00388  0.00038  0.00046  0.00144 
P483 -116.5693  33.0592  -0.00413   0.00240   0.00238  0.00037  0.00045  0.00142 
P484 -116.6208  33.3756  -0.00543   0.00267  -0.00127  0.00038  0.00046  0.00144 
P485 -116.4090  33.2102  -0.00617   0.00480   0.00489  0.00041  0.00049  0.00155 
P486 -116.3223  33.2602  -0.00536   0.00098   0.00111  0.00038  0.00045  0.00144 
P487 -116.1831  33.2135  -0.00490   0.00165  -0.00606  0.00037  0.00045  0.00142 
P488 -116.0788  33.2010  -0.00679   0.00255   0.00040  0.00037  0.00045  0.00142 
P489 -116.1116  33.2962  -0.00546   0.00063  -0.00039  0.00039  0.00046  0.00147 
P490 -116.4259  33.5235  -0.00453   0.00218  -0.00181  0.00040  0.00048  0.00151 
P491 -116.2268  33.5747  -0.00431   0.00244  -0.00296  0.00040  0.00048  0.00151 
P495 -115.6284  33.0450  -0.00534   0.00239   0.00357  0.00038  0.00045  0.00143 
P505 -115.6870  33.4239  -0.00503   0.00095   0.00065  0.00038  0.00046  0.00145 
P506 -115.5102  33.0814  -0.00528  -0.00045   0.00067  0.00041  0.00049  0.00156 
P507 -115.6124  33.2000  -0.00583   0.00015   0.00579  0.00038  0.00045  0.00144 
P508 -115.4287  33.2478  -0.00498   0.00034  -0.00376  0.00037  0.00045  0.00141 
P510 -115.3433  33.1436  -0.00662   0.00063  -0.00793  0.00038  0.00045  0.00144 
P511 -115.2961  33.8869  -0.00467   0.00189  -0.00120  0.00039  0.00047  0.00149 
P512 -119.6944  37.5626  -0.00401  -0.00036  -0.00134  0.00040  0.00048  0.00151 
P513 -120.6502  34.9073  -0.00737   0.00081  -0.00069  0.00037  0.00044  0.00141 
P514 -120.4097  35.0107  -0.00746   0.00168   0.00246  0.00037  0.00045  0.00142 
P515 -120.2398  34.8706  -0.00827   0.00041  -0.00084  0.00037  0.00045  0.00142 
P516 -120.3834  35.1062  -0.00728   0.00056   0.00844  0.00039  0.00047  0.00149 
P517 -118.1776  34.3764  -0.00538   0.00646  -0.00080  0.00047  0.00056  0.00178 
P518 -120.0753  35.0200  -0.00761   0.00192  -0.00429  0.00037  0.00045  0.00141 
P519 -119.7924  34.5078  -0.00722   0.00155  -0.00078  0.00039  0.00047  0.00148 
P520 -119.6164  34.6305  -0.00624   0.00247  -0.00386  0.00037  0.00045  0.00141 
P521 -119.8154  34.8886  -0.00828   0.00086  -0.00126  0.00037  0.00045  0.00141 
P523 -120.8603  35.3044  -0.00614   0.00108   0.00287  0.00039  0.00047  0.00148 
P525 -120.8081  35.4258  -0.00626   0.00045   0.00058  0.00037  0.00045  0.00143 
P526 -120.8697  35.6360  -0.00674   0.00034   0.00114  0.00041  0.00049  0.00156 
P527 -120.6048  35.7541  -0.00868   0.00088   0.00307  0.00038  0.00046  0.00145 
P528 -120.5454  35.3278  -0.00756   0.00093  -0.00005  0.00038  0.00046  0.00146 
P529 -120.3538  35.4405  -0.00772   0.00159   0.00292  0.00037  0.00045  0.00141 
P530 -120.4804  35.6248  -0.00823  -0.00053   0.00458  0.00038  0.00045  0.00143 
P531 -120.5366  35.7927  -0.00776   0.00108   0.00721  0.00037  0.00045  0.00142 
P532 -120.2670  35.6338  -0.00732   0.00148   0.00070  0.00038  0.00046  0.00146 
P533 -120.3710  35.7479  -0.00590   0.00036   0.00375  0.00039  0.00047  0.00148 
P535 -120.1014  35.2351  -0.00758   0.00125   0.00485  0.00040  0.00049  0.00154 
P536 -120.0250  35.2798  -0.00637   0.00132  -0.00280  0.00040  0.00048  0.00151 
P537 -119.9353  35.3168  -0.00803   0.00016  -0.00082  0.00037  0.00045  0.00142 
P538 -120.1125  35.5342  -0.00820   0.00182  -0.00248  0.00037  0.00045  0.00143 
P539 -120.1820  35.7027  -0.00798   0.00134  -0.00238  0.00037  0.00045  0.00141 
P540 -120.1306  35.8013  -0.01030   0.00035  -0.00519  0.00040  0.00048  0.00151 
P541 -120.0007  35.6867  -0.00832   0.00131   0.00350  0.00038  0.00046  0.00146 
P542 -120.2926  35.6889  -0.00796   0.00047   0.00130  0.00039  0.00047  0.00148 
P543 -119.7132  35.3190  -0.00959   0.00087   0.00959  0.00039  0.00047  0.00149 
P544 -119.7380  35.7313  -0.00979  -0.00012  -0.00012  0.00038  0.00046  0.00146 
P545 -119.5358  35.4998  -0.01064   0.00103  -0.00190  0.00038  0.00046  0.00146 
P546 -120.1549  35.9279  -0.00814   0.00240   0.00135  0.00038  0.00045  0.00144 
P547 -119.9094  35.9347  -0.00946   0.00132  -0.00149  0.00037  0.00045  0.00142 
P548 -119.5039  34.4668  -0.00497   0.00205   0.00079  0.00037  0.00044  0.00141 
P550 -119.1146  34.6601  -0.00718   0.00179   0.00416  0.00038  0.00046  0.00145 
P551 -119.1546  34.8562  -0.00955   0.00733  -0.00645  0.00061  0.00073  0.00232 
P552 -120.2450  35.6867  -0.00582   0.00182  -0.00425  0.00039  0.00047  0.00147 
P553 -118.8790  34.8351  -0.00655   0.00314   0.00558  0.00037  0.00045  0.00143 
P554 -118.8480  34.7923  -0.00603   0.00553   0.00377  0.00038  0.00046  0.00145 
P555 -118.6694  34.6950  -0.00852   0.00357   0.00459  0.00039  0.00047  0.00148 
P556 -118.5455  34.7711  -0.00593   0.00561   0.01274  0.00038  0.00045  0.00144 
P557 -118.6556  34.9444  -0.00766   0.00372  -0.00028  0.00039  0.00047  0.00150 
P558 -118.6117  35.1386  -0.00987   0.00217  -0.00502  0.00037  0.00045  0.00141 
P560 -118.5409  34.8218  -0.00651   0.00610  -0.00345  0.00039  0.00047  0.00148 
P561 -118.3991  34.6185  -0.00447   0.00770  -0.03134  0.00108  0.00130  0.00412 
P563 -119.4212  35.4187  -0.01059   0.00235   0.00555  0.00038  0.00046  0.00145 
P564 -119.3494  35.6229  -0.01275   0.00137  -0.00514  0.00037  0.00045  0.00142 
P565 -119.2367  35.7439  -0.01189   0.00093  -0.00493  0.00037  0.00045  0.00141 
P566 -119.2293  36.3245  -0.00892   0.00236  -0.00042  0.00038  0.00046  0.00144 
P567 -118.7536  35.4209  -0.01552   0.00080  -0.00024  0.00038  0.00046  0.00144 
P568 -118.1265  35.2543  -0.01013   0.01237  -0.00089  0.00037  0.00045  0.00141 
P569 -118.1238  35.3780  -0.01597   0.01209   0.00736  0.00037  0.00045  0.00142 
P570 -118.2600  35.6673  -0.05173   0.00054  -0.00576  0.00039  0.00048  0.00151 
P572 -118.9546  36.5855  -0.01084   0.00242   0.00154  0.00037  0.00044  0.00141 
P573 -118.2605  36.0931  -0.03435   0.00808   0.00245  0.00038  0.00046  0.00145 
P574 -117.6339  34.2868  -0.00667   0.00764  -0.00045  0.00040  0.00049  0.00154 
P575 -117.5422  34.2155  -0.00479   0.00696  -0.00028  0.00038  0.00046  0.00146 
P576 -120.9700  35.6697  -0.00820   0.00017   0.00624  0.00049  0.00059  0.00186 
P577 -117.3189  34.3046  -0.00485   0.00483   0.00213  0.00039  0.00047  0.00150 
P578 -120.2390  35.6943  -0.00703   0.00266  -0.00537  0.00038  0.00046  0.00147 
P579 -118.0058  35.0388  -0.00279   0.01738   0.00234  0.00037  0.00045  0.00142 
P580 -117.1922  35.6209   0.19171  -0.02267  -0.00603  0.00037  0.00045  0.00141 
P581 -117.7290  34.5097  -0.00462   0.01007   0.00535  0.00037  0.00045  0.00142 
P582 -117.5489  34.6343  -0.00412   0.01166  -0.00193  0.00037  0.00045  0.00142 
P583 -117.5434  34.9870  -0.00241   0.02660   0.00727  0.00038  0.00045  0.00144 
P584 -116.9516  33.8926  -0.00559   0.00369   0.00141  0.00037  0.00044  0.00140 
P585 -116.5457  34.0193  -0.00556   0.00209   0.01068  0.00037  0.00045  0.00142 
P586 -117.2805  34.5348  -0.00660   0.00951   0.00649  0.00042  0.00051  0.00160 
P587 -118.0313  34.3322  -0.00389   0.00697   0.00266  0.00037  0.00045  0.00143 
P588 -117.2676  34.7854  -0.00200   0.01352   0.00432  0.00039  0.00046  0.00147 
P589 -117.1102  34.6207  -0.00461   0.00954   0.00300  0.00038  0.00046  0.00145 
P590 -117.3648  35.1168  -0.00542   0.03704   0.00697  0.00037  0.00045  0.00142 
P591 -118.0165  35.1524  -0.00419   0.01808   0.00241  0.00037  0.00045  0.00141 
P592 -117.3032  35.2386  -0.00525   0.04048   0.00363  0.00038  0.00046  0.00146 
P593 -117.2051  35.3879   0.01785   0.01669  -0.00231  0.00037  0.00045  0.00141 
P594 -117.3901  35.8967   0.06576  -0.12663   0.00516  0.00040  0.00048  0.00152 
P595 -117.4028  35.6976   0.51405  -0.24984   0.04284  0.00037  0.00045  0.00142 
P596 -116.8895  35.9982   0.01922   0.00092  -0.00462  0.00040  0.00048  0.00151 
P597 -116.8884  35.7106   0.05366  -0.00259  -0.00672  0.00038  0.00045  0.00143 
P598 -116.7103  34.1925  -0.00255   0.00150   0.00085  0.00038  0.00046  0.00146 
P600 -116.2119  33.8658  -0.00338   0.00201   0.00071  0.00037  0.00045  0.00141 
P601 -116.0802  33.9593  -0.00390   0.00077  -0.00189  0.00037  0.00045  0.00143 
P602 -120.2279  35.7292  -0.00764   0.00080  -0.00194  0.00037  0.00045  0.00142 
P603 -116.0295  34.7169  -0.00201   0.00075  -0.00528  0.00040  0.00048  0.00151 
P604 -116.6715  34.9368   0.00023   0.00236   0.00573  0.00039  0.00047  0.00148 
P605 -117.9367  34.3411  -0.00456   0.00667   0.00057  0.00042  0.00050  0.00159 
P606 -116.8796  34.4621  -0.00300   0.00485   0.00244  0.00037  0.00045  0.00142 
P607 -115.8207  33.7410  -0.00387   0.00203   0.00377  0.00042  0.00051  0.00160 
P608 -115.6866  33.9941  -0.00397   0.00169  -0.00374  0.00037  0.00045  0.00142 
P609 -116.8928  34.0627  -0.00635   0.00596  -0.00236  0.00042  0.00051  0.00161 
P611 -115.6498  35.2048   0.00067  -0.00086  -0.00016  0.00039  0.00047  0.00148 
P612 -117.3155  34.1874  -0.00525   0.00544  -0.00093  0.00041  0.00050  0.00158 
P613 -117.0500  34.1962  -0.00436   0.00629   0.00301  0.00043  0.00052  0.00166 
P614 -115.2503  34.7318  -0.00368   0.00087   0.00793  0.00048  0.00058  0.00184 
P615 -116.7629  35.2046   0.00631  -0.00069  -0.01055  0.00037  0.00045  0.00141 
P616 -117.8933  35.4246  -0.01012   0.04124   0.00076  0.00037  0.00044  0.00140 
P617 -116.5716  35.3206   0.01001  -0.00129   0.00149  0.00038  0.00046  0.00145 
P618 -116.1039  35.1419  -0.00009   0.00005  -0.00850  0.00039  0.00047  0.00150 
P619 -116.1218  35.5259   0.00527   0.00122  -0.00312  0.00038  0.00046  0.00145 
P621 -115.5439  35.4728  -0.00160  -0.00067  -0.00121  0.00038  0.00045  0.00144 
P623 -114.5994  34.1889  -0.00310   0.00326  -0.00840  0.00037  0.00045  0.00142 
P625 -114.9651  34.8444  -0.00415   0.00153  -0.00079  0.00038  0.00046  0.00144 
P626 -115.2383  35.2911  -0.00430   0.00306  -0.01493  0.00037  0.00045  0.00142 
P627 -118.3785  37.9731  -0.00576   0.00006   0.00551  0.00038  0.00046  0.00144 
P629 -119.1794  37.3759  -0.00710   0.00191   0.00402  0.00037  0.00045  0.00143 
P630 -119.0004  37.6130  -0.00531  -0.00076   0.00308  0.00041  0.00049  0.00155 
P631 -118.9159  37.6053  -0.00604  -0.00040  -0.00006  0.00041  0.00049  0.00155 
P632 -119.0861  37.7857  -0.00568   0.00067   0.00618  0.00045  0.00055  0.00172 
P635 -119.1380  37.8393  -0.00605   0.00121  -0.00340  0.00040  0.00049  0.00153 
P638 -118.9435  37.7343  -0.00520   0.00039   0.00009  0.00038  0.00046  0.00144 
P639 -118.8687  37.6546  -0.00617  -0.00071  -0.00101  0.00038  0.00046  0.00145 
P641 -118.8519  37.8782  -0.00375  -0.00293   0.00307  0.00037  0.00045  0.00142 
P642 -118.8167  37.5914  -0.00520  -0.00099   0.00146  0.00040  0.00049  0.00154 
P643 -118.6982  37.5616  -0.00445  -0.00063   0.00337  0.00041  0.00050  0.00158 
P646 -118.8200  37.6770  -0.00517  -0.00090   0.00410  0.00037  0.00045  0.00141 
P647 -118.7677  37.7544  -0.00530  -0.00069   0.00434  0.00040  0.00048  0.00153 
P648 -119.0192  37.8000  -0.00620   0.00062   0.00589  0.00038  0.00046  0.00146 
P649 -118.7362  37.9035  -0.00624  -0.00170   0.00598  0.00037  0.00045  0.00141 
P650 -118.5549  37.8913  -0.00495  -0.00011  -0.00200  0.00040  0.00048  0.00152 
P651 -118.3870  37.5631  -0.00473  -0.00163   0.00527  0.00039  0.00047  0.00149 
P652 -118.2385  37.5892  -0.00430  -0.00191   0.00399  0.00038  0.00046  0.00145 
P653 -118.4717  37.7375  -0.00443  -0.00228   0.00403  0.00038  0.00045  0.00144 
P724 -118.5611  37.4395  -0.00481  -0.00150  -0.00337  0.00039  0.00047  0.00147 
P725 -119.7456  37.0889  -0.00641   0.00011   0.00955  0.00038  0.00046  0.00145 
P726 -118.1467  37.2805  -0.00547  -0.00362   0.00382  0.00038  0.00046  0.00145 
P727 -118.4668  37.2736  -0.00488  -0.00312   0.00055  0.00038  0.00046  0.00145 
P729 -119.0961  34.2631  -0.00580   0.00385  -0.00137  0.00041  0.00049  0.00155 
P742 -116.6026  33.4955  -0.00180   0.00200   0.00935  0.00038  0.00046  0.00145 
P789 -120.4717  35.9466  -0.00654   0.00199  -0.00170  0.00043  0.00052  0.00165 
P790 -120.5154  35.9291  -0.00694   0.00300   0.00065  0.00049  0.00060  0.00188 
P795 -116.1481  34.5081  -0.00355   0.00358  -0.00268  0.00037  0.00044  0.00141 
P797 -116.5925  33.5373  -0.00398   0.00431   0.00333  0.00041  0.00050  0.00157 
P799 -118.3063  33.9276  -0.00639   0.00379   0.01072  0.00039  0.00047  0.00148 
P800 -118.3491  34.0217  -0.00583   0.00451   0.00521  0.00039  0.00047  0.00148 
P808 -118.6215  34.8360  -0.00722   0.00510  -0.00178  0.00037  0.00044  0.00141 
P809 -119.2368  35.7439  -0.01619   0.00017  -0.01424  0.00037  0.00045  0.00141 
P810 -119.2367  35.7440  -0.00806   0.00423  -0.00274  0.00037  0.00045  0.00141 
P811 -118.0166  35.1524  -0.00411   0.01954   0.00493  0.00038  0.00045  0.00143 
P812 -118.0165  35.1525  -0.00270   0.01790  -0.00321  0.00037  0.00045  0.00141 
PALG -117.0318  33.3890  -0.00577   0.00302  -0.00658  0.00039  0.00047  0.00150 
PBPP -117.9226  34.5082  -0.00530   0.00900   0.01240  0.00040  0.00048  0.00151 
PEA1 -120.7586  36.1869  -0.00810  -0.00016  -0.00050  0.00040  0.00048  0.00152 
PEA2 -120.7668  36.1805  -0.00815   0.00039  -0.00624  0.00038  0.00046  0.00146 
PKDB -120.5416  35.9452  -0.00755   0.00396  -0.01266  0.00063  0.00076  0.00239 
PKRD -118.2329  34.0716  -0.00544   0.00882   0.00804  0.00054  0.00065  0.00206 
PMOB -116.8595  33.3572  -0.00917   0.00283   0.03325  0.00107  0.00129  0.00409 
PMTN -119.0569  37.8314  -0.00742   0.00045  -0.00018  0.00038  0.00045  0.00143 
POBG -116.9237  33.6871  -0.00522   0.00337  -0.00295  0.00037  0.00045  0.00142 
POMM -120.4784  35.9199  -0.00802   0.00241   0.00115  0.00039  0.00047  0.00149 
PPBF -117.1821  33.8357  -0.00643   0.00364  -0.00334  0.00042  0.00051  0.00160 
PSDM -117.8071  34.0918  -0.00583   0.00435  -0.00100  0.00040  0.00048  0.00151 
PVHS -118.3722  33.7795  -0.00487   0.00315   0.00458  0.00038  0.00046  0.00146 
PVRS -118.3206  33.7739  -0.00647   0.00740   0.00475  0.00050  0.00060  0.00190 
QHTP -118.2448  34.6287  -0.00614   0.00692   0.00864  0.00043  0.00052  0.00164 
RAAP -116.9172  33.0422  -0.00796   0.00324  -0.00966  0.00062  0.00075  0.00238 
RAMT -117.6833  35.3387   0.00741   0.08813   0.00441  0.00040  0.00048  0.00153 
RAPT -119.4487  36.6649  -0.00859   0.00045   0.00004  0.00037  0.00045  0.00143 
RBRU -119.8287  36.7591  -0.00549   0.00045   0.00582  0.00039  0.00046  0.00147 
RCA2 -119.7200  34.5000  -0.00811   0.00126   0.00559  0.00038  0.00046  0.00146 
RCSC -117.5865  33.4441  -0.00494   0.00404  -0.00610  0.00049  0.00059  0.00185 
RDMT -116.6247  34.6439  -0.00344   0.00415  -0.00110  0.00039  0.00047  0.00147 
RDOM -118.8979  37.6771  -0.00541  -0.00037   0.00708  0.00039  0.00047  0.00148 
REPO -116.4683  36.8404  -0.00516  -0.00276   0.00264  0.00037  0.00045  0.00141 
RHCG -118.0134  34.0009  -0.00563   0.00396   0.00393  0.00039  0.00047  0.00150 
RHCL -118.0262  34.0191  -0.00566   0.00591  -0.00316  0.00043  0.00051  0.00163 
RKMG -117.6094  33.6741  -0.00520   0.00357   0.00025  0.00040  0.00048  0.00151 
RMVJ -117.5553  33.4858  -0.00463   0.00356   0.00030  0.00038  0.00046  0.00144 
RNCH -120.5248  35.9000  -0.00954   0.00036   0.00347  0.00042  0.00051  0.00161 
RSTP -118.1929  34.8751  -0.00544   0.01100  -0.00507  0.00040  0.00048  0.00153 
RTHS -117.3533  34.0891  -0.00638   0.00657   0.00341  0.00048  0.00057  0.00182 
SACY -117.8956  33.7432  -0.00806   0.00271   0.00430  0.00069  0.00083  0.00263 
SAWC -118.9532  37.6899  -0.00612  -0.00158   0.00529  0.00045  0.00054  0.00171 
SBCC -117.6615  33.5530  -0.00651   0.00523  -0.00458  0.00044  0.00054  0.00169 
SCIA -117.3883  34.6074  -0.00570   0.01068   0.00361  0.00038  0.00046  0.00146 
SGPS -116.6957  33.9125  -0.01070   0.00618   0.01048  0.00039  0.00047  0.00150 
SHN5 -120.3471  35.6742  -0.00812   0.00060   0.00231  0.00038  0.00046  0.00144 
SHP5 -120.6713  35.2686  -0.00676  -0.00133   0.00324  0.00042  0.00051  0.00160 
SHRC -118.9456  37.6249  -0.00630  -0.00037   0.00038  0.00039  0.00047  0.00148 
SILK -118.2639  34.1029  -0.00343   0.00689   0.00477  0.00043  0.00052  0.00164 
SIMM -119.9978  35.3511  -0.00854   0.00497  -0.00475  0.00055  0.00067  0.00212 
SKYB -118.4786  34.4386  -0.00474   0.00648   0.00504  0.00045  0.00054  0.00172 
SLMS -115.9778  33.2922  -0.00673   0.00105  -0.00587  0.00038  0.00045  0.00143 
SNHS -117.9286  33.9273  -0.00796   0.00229   0.01702  0.00066  0.00079  0.00250 
SOMT -119.0643  34.3199  -0.00639   0.00244  -0.00426  0.00037  0.00045  0.00141 
SONG -117.5603  33.3807  -0.00583   0.00460   0.00492  0.00038  0.00045  0.00144 
SPMS -117.8488  33.9927  -0.00564   0.00582   0.00236  0.00041  0.00049  0.00155 
SRS1 -120.0652  34.0043  -0.00663   0.00188   0.00138  0.00039  0.00047  0.00147 
SYNG -120.0696  34.6072  -0.00801   0.00147   0.00555  0.00039  0.00047  0.00150 
TAFT -119.4852  35.1565  -0.00943   0.00071  -0.00380  0.00038  0.00046  0.00144 
TBLP -120.3603  35.9174  -0.00679   0.00067  -0.00181  0.00042  0.00051  0.00160 
TEHA -118.4698  35.1431  -0.00845   0.00494   0.00737  0.00037  0.00045  0.00142 
THCP -118.4146  35.1582  -0.00959   0.00530   0.00221  0.00038  0.00045  0.00143 
THMG -116.0772  33.6506  -0.00385   0.00055   0.00491  0.00038  0.00046  0.00144 
THMS -117.7668  33.5496  -0.00476   0.00375  -0.00774  0.00044  0.00052  0.00166 
TILC -118.8629  37.6189  -0.00608  -0.00194   0.00561  0.00041  0.00049  0.00156 
TIVA -116.2297  36.9348  -0.00532  -0.00113  -0.00440  0.00041  0.00050  0.00158 
TJRN -120.1326  34.4835  -0.00566   0.00178   0.00069  0.00039  0.00047  0.00150 
TOST -118.8367  34.2480  -0.00440   0.00376  -0.00003  0.00040  0.00049  0.00154 
TPOG -118.2286  34.8789  -0.00435   0.00921   0.00641  0.00041  0.00050  0.00157 
TRLK -120.8286  37.4666  -0.00691   0.00109  -0.00430  0.00039  0.00047  0.00149 
USC2 -118.2774  34.0195  -0.00491   0.00520   0.00884  0.00037  0.00045  0.00141 
USGC -116.0853  33.0301  -0.00503   0.00250  -0.01050  0.00037  0.00045  0.00142 
USLO -120.6611  35.3118  -0.00757   0.00155   0.00530  0.00041  0.00050  0.00158 
VDCY -118.2200  34.1786  -0.00465   0.00536   0.00140  0.00049  0.00059  0.00186 
VIMT -118.5144  34.1264  -0.00475   0.00392   0.00140  0.00038  0.00046  0.00145 
VINZ -118.9390  34.9624  -0.01012   0.00247   0.00286  0.00038  0.00046  0.00145 
VNCO -119.2377  34.2758  -0.00611   0.00309  -0.00309  0.00041  0.00050  0.00157 
VNCX -118.4845  34.2932  -0.00601   0.00518   0.00085  0.00038  0.00046  0.00145 
VNPS -118.1212  34.5015  -0.00488   0.00974   0.00641  0.00041  0.00049  0.00155 
VTIS -118.2938  33.7126  -0.00554   0.00131   0.00704  0.00039  0.00047  0.00149 
VTOR -117.1932  33.2250  -0.00572   0.00385   0.00076  0.00039  0.00047  0.00149 
WASG -118.5570  35.7384  -0.03432  -0.00233   0.01183  0.00066  0.00079  0.00251 
WATC -118.6539  37.6643  -0.00537  -0.00157   0.00543  0.00037  0.00045  0.00141 
WCHS -117.9111  34.0619  -0.00592   0.00538  -0.00233  0.00044  0.00054  0.00170 
WGPP -118.9837  35.0108  -0.00993   0.00114   0.00236  0.00042  0.00050  0.00158 
WHFG -118.3520  35.6951  -0.04254   0.00190  -0.00518  0.00040  0.00048  0.00153 
WHYT -117.6435  33.6745  -0.00720   0.00505   0.00779  0.00064  0.00077  0.00245 
WIDC -116.3918  33.9348  -0.00225   0.00208  -0.00504  0.00039  0.00047  0.00149 
WKPK -118.7415  34.5685  -0.00483   0.00639  -0.00280  0.00042  0.00051  0.00161 
WMAP -118.4143  34.2594  -0.00493   0.00445  -0.00064  0.00047  0.00057  0.00179 
WMDG -115.5819  33.0383  -0.00460   0.00047   0.00341  0.00038  0.00046  0.00146 
WNRA -118.0593  34.0432  -0.00522   0.00565  -0.00630  0.00039  0.00048  0.00151 
WOMT -116.9317  34.6690  -0.00597   0.00610   0.00501  0.00041  0.00050  0.00157 
WORG -118.2424  35.6956  -0.05828  -0.00189   0.00041  0.00060  0.00073  0.00230 
WRHS -118.4276  33.9582  -0.00700   0.00504   0.00429  0.00047  0.00057  0.00180 
WWFG -115.5788  33.2788  -0.00433   0.00151  -0.00099  0.00038  0.00046  0.00144 
WWMT -116.6539  33.9553  -0.00962   0.00257   0.00980  0.00038  0.00046  0.00146 
ZLA1 -118.0839  34.6035  -0.00576   0.00784  -0.00349  0.00038  0.00045  0.00144 